2632.90
2638.70
2642.33
2664.76
2643.85
2640.00
2681.05
2704.10
2706.53
2724.87
2737.70
2731.61
2706.05
2707.88
2709.80
2744.73
2753.03
2745.73
2775.60
#N/A
2779.76
2784.70
2774.88
2792.67
2796.11
2793.90
2792.38
2784.49
2803.69
2792.81
2789.65
2771.45
2748.93
2743.07
2783.30
2791.52
2810.92
2808.48
2822.48
2832.94
2832.57
2824.23
2854.88
2800.71
2798.36
2818.46
2805.37
2815.44
2834.40
2867.19
2867.24
2873.40
2879.39
2892.74
2895.77
2878.20
2888.21
2888.32
2907.41
2905.58
2907.06
2900.45
2905.03
#N/A
2907.97
2933.68
2927.25
2926.17
2939.88
2943.03
2945.83
2923.73
2917.52
2945.64
2932.47
2884.05
2879.42
2870.72
2881.40
2811.87
2834.41
2850.96
2876.32
2859.53
2840.23
2864.36
2856.27
2822.24
2826.06
#N/A
2802.39
2783.02
2788.86
2752.06
2744.45
2803.27
2826.15
2843.49
2873.34
2886.73
2885.72
2879.84
2891.64
2886.98
2889.67
2917.75
2926.46
2954.18
2950.46
2945.35
2917.38
2913.78
2924.92
2941.76
2964.33
2973.01
2995.82
#N/A
2990.41
2975.95
2979.63
2993.07
2999.91
3013.77
3014.30
3004.04
2984.42
2995.11
2976.61
2985.03
3005.47
3019.56
3003.67
3025.86
3020.97
3013.18
2980.38
2953.56
2932.05
2844.74
2881.77
2883.98
2938.09
2918.65
2883.75
2926.32
2840.60
2847.60
2888.68
2923.65
2900.51
2924.43
2922.95
2847.11
2878.38
2869.16
2887.94
2924.58
2926.46
#N/A
2906.27
2937.78
2976.00
2978.71
2978.43
2979.39
3000.93
3009.57
3007.39
2997.96
3005.70
3006.73
3006.79
2992.07
2991.78
2966.60
2984.87
2977.62
2961.79
2976.74
2940.25
2887.61
2910.63
2952.01
2938.79
2893.06
2919.40
2938.13
2970.27
2966.15
2995.68
2989.69
2997.95
2986.20
3006.72
2995.99
3004.52
3010.29
3022.55
3039.42
3036.89
3046.77
3037.56
3066.91
3078.27
3074.62
3076.78
3085.18
3093.08
3087.01
3091.84
3094.04
3096.63
3120.46
3122.03
3120.18
3108.46
3103.54
3110.29
3133.64
3140.52
3153.63
#N/A
3140.98
3113.87
3093.20
3112.76
3117.43
3145.91
3135.96
3132.52
3141.63
3168.57
3168.80
3191.45
3192.52
3191.14
3205.37
3221.22
3224.01
3223.38
#N/A
3239.91
3240.02
3221.29
3230.78
#N/A
3257.85
3234.85
3246.28
3237.18
3253.05
3274.70
3265.35
3288.13
3283.15
3289.29
3316.81
3329.62
#N/A
3320.79
3321.75
3325.54
3295.47
3243.63
3276.24
3273.40
3283.66
3225.52
3248.92
3297.59
3334.69
3345.78
3327.71
3352.09
3357.75
3379.45
3373.94
3380.16
#N/A
3370.29
3386.15
3373.23
3337.75
3225.89
3128.21
3116.39
2978.76
2954.22
3090.23
3003.37
3130.12
3023.94
2972.37
2746.56
2882.23
2741.38
2480.64
2711.02
2386.13
2529.19
2398.10
2409.39
2304.92
2237.40
2447.33
2475.56
2630.07
2541.47
2626.65
2584.59
2470.50
2526.90
2488.65
2663.68
2659.41
2749.98
2789.82
#N/A
2761.63
2846.06
2783.36
2799.55
2874.56
2823.16
2736.56
2799.31
2797.80
2836.74
2878.48
2863.39
2939.51
2912.43
2830.71
2842.74
2868.44
2848.42
2881.19
2929.80
2930.32
2870.12
2820.00
2852.50
2863.70
2953.91
2922.94
2971.61
2948.51
2955.45
#N/A
2991.77
3036.13
3029.73
3044.31
3055.73
3080.82
3122.87
3112.35
3193.93
3232.39
3207.18
3190.14
3002.10
3041.31
3066.59
3124.74
3113.49
3115.34
3097.74
3117.86
3131.29
3050.33
3083.76
3009.05
3053.24
3100.29
3115.86
3130.01
#N/A
3179.72
3145.32
3169.94
3152.05
3185.04
3155.22
3197.52
3226.56
3215.57
3224.73
3251.84
3257.30
3276.02
3235.66
3215.63
3239.41
3218.44
3258.44
3246.22
3271.12
3294.61
3306.51
3327.77
3349.16
3351.28
3360.47
3333.69
3380.35
3373.43
3372.85
3381.99
3389.78
3374.85
3385.51
3397.16
3431.28
3443.62
3478.73
3484.55
3508.01
3500.31
3526.65
3580.84
3455.06
3426.96
#N/A
3331.84
3398.96
3339.19
3340.97
3383.54
3401.20
3385.49
3357.01
3319.47
3281.06
3315.57
3236.92
3246.59
3298.46
3351.60
3335.47
3363.00
3380.80
3348.44
3408.63
3360.95
3419.45
3446.83
3477.13
3534.22
3511.93
3488.67
3483.34
3483.81
3426.92
3443.12
3435.56
3453.49
3465.39
3400.97
3390.68
3271.03
3310.11
3269.96
3310.24
3369.16
3443.44
3510.45
3509.44
3550.50
3545.53
3572.66
3537.01
3585.15
3626.91
3609.53
3567.79
3581.87
3557.54
3577.59
3635.41
3629.65
#N/A
3638.35
3621.63
3662.45
3669.01
3666.72
3699.12
3691.96
3702.25
3672.82
3668.10
3663.46
3647.49
3694.62
3701.17
3722.48
3709.41
3694.92
3687.26
3690.01
3703.06
#N/A
3735.36
3727.04
3732.04
3756.07
#N/A
3700.65
3726.86
3748.14
3803.79
3824.68
3799.61
3801.19
3809.84
3795.54
3768.25
#N/A
3798.91
3851.85
3853.07
3841.47
3855.36
3849.62
3750.77
3787.38
3714.24
3773.86
3826.31
3830.17
3871.74
3886.83
3915.59
3911.23
3909.88
3916.38
3934.83
#N/A
3932.59
3931.33
3913.97
3906.71
3876.50
3881.37
3925.43
3829.34
3811.15
3901.82
3870.29
3819.72
3768.47
3841.94
3821.35
3875.44
3898.81
3939.34
3943.34
3968.94
3962.71
3974.12
3915.46
3913.10
3940.59
3910.52
3889.14
3909.52
3974.54
3971.09
3958.55
3972.89
4019.87
#N/A
4077.91
4073.94
4079.95
4097.17
4128.80
4127.99
4141.59
4124.66
4170.42
4185.47
4163.26
4134.94
4173.42
4134.98
4180.17
4187.62
4186.72
4183.18
4211.47
4181.17
4192.66
4164.66
4167.59
4201.62
4232.60
4188.43
4152.10
4063.04
4112.50
4173.85
4163.29
4127.83
4115.68
4159.12
4155.86
4197.05
4188.13
4195.99
4200.88
4204.11
#N/A
4202.04
4208.12
4192.85
4229.89
4226.52
4227.26
4219.55
4239.18
4247.44
4255.15
4246.59
4223.70
4221.86
4166.45
4224.79
4246.44
4241.84
4266.49
4280.70
4290.61
4291.80
4297.50
4319.94
4352.34
#N/A
4343.54
4358.13
4320.82
4369.55
4384.63
4369.21
4374.30
4360.03
4327.16
4258.49
4323.06
4358.69
4367.48
4411.79
4422.30
4401.46
4400.64
4419.15
4395.26
4387.16
4423.15
4402.66
4429.10
4436.52
4432.35
4436.75
4447.70
4460.83
4468.00
4479.71
4448.08
4400.27
4405.80
4441.67
4479.53
4486.23
4496.19
4470.00
4509.37
4528.79
4522.68
4524.09
4536.95
4535.43
#N/A
4520.03
4514.07
4493.28
4458.58
4468.73
4443.05
4480.70
4473.75
4432.99
4357.73
4354.19
4395.64
4448.98
4455.48
4443.11
4352.63
4359.46
4307.54
4357.04
4300.46
4345.72
4363.55
4399.76
4391.34
4361.19
4350.65
4363.80
4438.26
4471.37
4486.46
4519.63
4536.19
4549.78
4544.90
4566.48
4574.79
4551.68
4596.42
4605.38
4613.67
4630.65
4660.57
4680.06
4697.53
4701.70
4685.25
4646.71
4649.27
4682.85
4682.80
4700.90
4688.67
4704.54
4697.96
4682.94
4690.70
4701.46
#N/A
4594.62
4655.27
4567.00
4513.04
4577.10
4538.43
4591.67
4686.75
4701.21
4667.45
4712.02
4668.97
4634.09
4709.85
4668.67
4620.64
4568.02
4649.23
4696.56
4725.79
#N/A
4791.19
4786.35
4793.06
4778.73
4766.18
4796.56
4793.54
4700.58
4696.05
4677.03
4670.29
4713.07
4726.35
4659.03
4662.85
#N/A
4577.11
4532.76
4482.73
4397.94
4410.13
4356.45
4349.93
4326.51
4431.85
4515.55
4546.54
4589.38
4477.44
4500.53
4483.87
4521.54
4587.18
4504.08
4418.64
4401.67
4471.07
4475.01
4380.26
4348.87
#N/A
4304.76
4225.50
4288.70
4384.65
4373.94
4306.26
4386.54
4363.49
4328.87
4201.09
4170.70
4277.88
4259.52
4204.31
4173.11
4262.45
4357.86
4411.67
4463.12
4461.18
4511.61
4456.24
4520.16
4543.06
4575.52
4631.60
4602.45
4530.41
4545.86
4582.64
4525.12
4481.15
4500.21
4488.28
4412.53
4397.45
4446.59
4392.59
#N/A
4391.69
4462.21
4459.45
4393.66
4271.78
4296.12
4175.20
4183.96
4287.50
4131.93
4155.38
4175.48
4300.17
4146.87
4123.34
3991.24
4001.05
3935.18
3930.08
4023.89
4008.01
4088.85
3923.68
3900.79
3901.36
3973.75
3941.48
3978.73
4057.84
4158.24
#N/A
4132.15
4101.23
4176.82
4108.54
4121.43
4160.68
4115.77
4017.82
3900.86
3749.63
3735.48
3789.99
3666.77
3674.84
#N/A
3764.79
3759.89
3795.73
3911.74
3900.11
3821.55
3818.83
3785.38
3825.33
#N/A
3831.39
3845.08
3902.62
3899.38
3854.43
3818.80
3801.78
3790.38
3863.16
3830.85
3936.69
3959.90
3998.95
3961.63
3966.84
3921.05
4023.61
4072.43
4130.29
4118.63
4091.19
4155.17
4151.94
4145.19
4140.06
4122.47
4210.24
4207.27
4280.15
4297.14
4305.20
4274.04
4283.74
4228.48
4137.99
4128.73
4140.77
4199.12
4057.66
4030.61
3986.16
3955.00
3966.85
3924.26
#N/A
3908.19
3979.87
4006.18
4067.36
4110.41
3932.69
3946.01
3901.35
3873.33
3899.89
3855.93
3789.93
3757.99
3693.23
3655.04
3647.29
3719.04
3640.47
3585.62
3678.43
3790.93
3783.28
3744.52
3639.66
3612.39
3588.84
3577.03
3669.91
3583.07
3677.95
3719.98
3695.16
3665.78
3752.75
3797.34
3859.11
3830.60
3807.30
3901.06
3871.98
3856.10
3759.69
3719.89
3770.55
3806.80
3828.11
3748.57
3956.37
3992.93
3957.25
3991.73
3958.79
3946.56
3965.34
3949.94
4003.58
4027.26
#N/A
4026.12
3963.94
3957.63
4080.11
4076.57
4071.70
3998.84
3941.26
3933.92
3963.51
3934.38
3990.56
4019.65
3995.32
3895.75
3852.36
3817.66
3821.62
3878.44
3822.39
3844.82
#N/A
3829.25
3783.22
3849.28
3839.50
#N/A
3824.14
3852.97
3808.10
3895.08
3892.09
3919.25
3969.61
3983.17
3999.09
#N/A
3990.97
3928.86
3898.85
3972.61
4019.81
4016.95
4016.22
4060.43
4070.56
4017.77
4076.60
4119.21
4179.76
4136.48
4111.08
4164.00
4117.86
4081.50
4090.46
4137.29
4136.13
4147.60
4090.41
4079.09
#N/A
3997.34
3991.05
4012.32
3970.04
3982.24
3970.15
3951.39
3981.35
4045.64
4048.42
3986.37
3992.01
3918.32
3861.59
3855.76
3919.29
3891.93
3960.28
3916.64
3951.57
4002.87
3936.97
3948.72
3970.99
3977.53
3971.27
4027.81
4050.83
4109.31
4124.51
4100.60
4090.38
4105.02
#N/A
4109.11
4108.94
4091.95
4146.22
4137.64
4151.32
4154.87
4154.52
4129.79
4133.52
4137.04
4071.63
4055.99
4135.35
4169.48
4167.87
4119.58
4090.75
4061.22
4136.25
4138.12
4119.17
4137.64
4130.62
4124.08
4136.28
4109.90
4158.77
4198.05
4191.98
4192.63
4145.58
4115.24
4151.28
4205.45
#N/A
4205.52
4179.83
4221.02
4282.37
4273.79
4283.85
4267.52
4293.93
4298.86
4338.93
4369.01
4372.59
4425.84
4409.59
#N/A
4388.71
4365.69
4381.89
4348.33
4328.82
4378.41
4376.86
4396.44
4450.38
4455.59
#N/A
4446.82
4411.59
4398.95
4409.53
4439.26
4472.16
4510.04
4505.42
4522.79
4554.98
4565.72
4534.87
4536.34
4554.64
4567.46
4566.75
4537.41
4582.23
4588.96
4576.73
4513.39
4501.89
4478.03
4518.44
4499.38
4467.71
4468.83
4464.05
4489.72
4437.86
4404.33
4370.36
4369.71
4399.77
4387.55
4436.01
4376.31
4405.71
4433.31
4497.63
4514.87
4507.66
4515.77
#N/A
4496.83
4465.48
4451.14
4457.49
4487.46
4461.90
4467.44
4505.10
4450.32
4453.53
4443.95
4402.20
4330.00
4320.06
4337.44
4273.53
4274.51
4299.70
4288.05
4288.39
4229.45
4263.75
4258.19
4308.50
4335.66
4358.24
4376.95
4349.61
4327.78
4373.63
4373.20
4314.60
4278.00
4224.16
4217.04
4247.68
4186.77
4137.23
4117.37
4166.82
4193.80
4237.86
4317.78
4358.34
4365.98
4378.38
4382.78
4347.35
4415.24
4411.55
4495.70
4502.88
4508.24
4514.02
4547.38
4538.19
4556.62
#N/A
4559.34
4550.43
4554.89
4550.58
4567.80
4594.63
4569.78
4567.18
4549.34
4585.59
4604.37
4622.44
4643.70
4707.09
4719.55
4719.19
4740.56
4768.37
4698.35
4746.75
4754.63
#N/A
4774.75
4781.58
4783.35
4769.83
#N/A
4742.83
4704.81
4688.68
4697.24
4763.54
4756.50
4783.45
4780.24
4783.83
#N/A
4765.98
4739.21
4780.94
4839.81